Webots Project File version R2023b
perspectives: 000000ff00000000fd0000000200000001000002610000029ffc0200000001fb0000001400540065007800740045006400690074006f0072010000001a0000029f0000008c00ffffff00000003000007800000010bfc0100000001fb0000001a0043006f006e0073006f006c00650041006c006c0041006c006c0100000000000007800000006900ffffff0000051d0000029f00000001000000020000000100000008fc00000000
simulationViewPerspectives: 000000ff000000010000000200000110000005520100000002010000000100
sceneTreePerspectives: 000000ff00000001000000030000002200000332000000fa0100000002010000000200
minimizedPerspectives: 000000ff00000000fd0000000200000001000002bd000003a2fc0200000001fb0000001400540065007800740045006400690074006f0072010000001a000003a20000008c00ffffff0000000300000780000000e1fc0100000001fb0000001a0043006f006e0073006f006c00650041006c006c0041006c006c0100000000000007800000000000000000000000ff000003a200000001000000020000000100000008fc00000000
maximizedDockId: -1
centralWidgetVisible: 1
orthographicViewHeight: 1
textFiles: 1 "controllers/leader/leader.py" "controllers/follower_with_tangent_bug_algorithm/follower_with_tangent_bug_algorithm.py"
consoles: Console:All:All
renderingDevicePerspectives: robot1:cam;1;1.85938;0;0
renderingDevicePerspectives: robot2:cam;1;1.85938;0;0.310284
